1 17 23
2 16 21
3 17 19
4 19 18
5 21 19
6 19 20
7 20 18
8 21 16
9 23 17
10 22 19
11 20 20
12 18 19
13 16 18
14 15 16
15 14 18
16 15 20
17 14 22
18 13 20
19 15 21
20 14 23
21 12 22
22 10 23
23 8 22
24 9 20
25 11 19
26 12 21
27 10 20
28 11 22
29 13 23
30 15 22
31 13 21
32 12 19
33 14 20
34 13 18
35 11 17
36 9 16
37 8 18
38 10 19
39 12 20
40 14 19
41 15 17
42 13 16
43 12 18
44 11 20
45 13 19
46 11 18
47 9 19
48 8 21
49 9 23
50 10 21
51 8 20
52 9 18
53 8 16
54 10 17
55 12 16
56 14 17
57 15 19
58 14 21
59 15 23
60 13 22
61 11 23
62 9 22
63 11 21
64 12 23
65 10 22
66 9 24
67 11 25
68 13 26
69 14 28
70 12 27
71 13 29
72 15 30
73 13 31
74 11 30
75 10 28
76 12 29
77 11 27
78 9 28
79 8 30
80 10 31
81 12 30
82 14 31
83 15 29
84 13 28
85 14 30
86 15 28
87 14 26
88 15 24
89 13 25
90 15 26
91 14 24
92 12 25
93 10 24
94 8 25
95 10 26
96 11 24
97 9 25
98 8 27
99 9 29
100 8 31
101 10 30
102 12 31
103 11 29
104 9 30
105 11 31
106 13 30
107 15 31
108 14 29
109 15 27
110 14 25
111 12 24
112 10 25
113 8 24
114 9 26
115 8 28
116 10 29
117 9 31
118 8 29
119 9 27
120 11 26
121 13 27
122 11 28
123 12 26
124 13 24
125 15 25
126 14 27
127 12 28
128 10 27
129 8 26
130 7 24
131 6 26
132 7 28
133 6 30
134 5 28
135 7 29
136 6 31
137 4 30
138 2 31
139 0 30
140 1 28
141 3 27
142 4 29
143 2 28
144 3 30
145 5 31
146 7 30
147 5 29
148 4 27
149 6 28
150 5 26
151 3 25
152 1 24
153 0 26
154 2 27
155 4 28
156 6 27
157 7 25
158 5 24
159 4 26
160 3 28
161 5 27
162 3 26
163 1 27
164 0 29
165 1 31
166 2 29
167 0 28
168 1 26
169 0 24
170 2 25
171 4 24
172 6 25
173 7 27
174 6 29
175 7 31
176 5 30
177 3 31
178 1 30
179 3 29
180 4 31
181 2 30
182 0 31
183 1 29
184 0 27
185 1 25
186 3 24
187 2 26
188 0 25
189 2 24
190 4 25
191 6 24
192 7 26
193 5 25
194 6 23
195 4 22
196 2 23
197 0 22
198 1 20
199 3 19
200 4 21
201 2 20
202 3 22
203 5 23
204 7 22
205 5 21
206 4 19
207 6 20
208 5 18
209 3 17
210 1 16
211 0 18
212 2 19
213 4 20
214 6 19
215 7 17
216 5 16
217 4 18
218 3 20
219 5 19
220 3 18
221 1 19
222 0 21
223 1 23
224 2 21
225 0 20
226 1 18
227 0 16
228 2 17
229 4 16
230 6 17
231 7 19
232 6 21
233 7 23
234 5 22
235 3 23
236 1 22
237 3 21
238 4 23
239 2 22
240 0 23
241 1 21
242 0 19
243 1 17
244 3 16
245 2 18
246 0 17
247 2 16
248 4 17
249 6 16
250 7 18
251 5 17
252 7 16
253 6 18
254 7 20
255 6 22
256 5 20
257 7 21
258 8 23
259 9 21
260 8 19
261 9 17
262 11 16
263 10 18
264 8 17
265 10 16
266 12 17
267 14 16
268 15 18
269 13 17
270 14 15
271 12 14
272 10 15
273 8 14
274 9 12
275 11 11
276 12 13
277 10 12
278 11 14
279 13 15
280 15 14
281 13 13
282 12 11
283 14 12
284 13 10
285 11 9
286 9 8
287 10 6
288 12 7
289 11 5
290 9 6
291 11 7
292 13 6
293 15 7
294 14 5
295 15 3
296 14 1
297 12 0
298 10 1
299 8 0
300 9 2
301 8 4
302 10 5
303 9 7
304 8 5
305 9 3
306 11 2
307 13 3
308 11 4
309 12 2
310 13 0
311 15 1
312 14 3
313 12 4
314 10 3
315 8 2
316 9 0
317 11 1
318 13 2
319 14 4
320 12 3
321 13 5
322 15 6
323 13 7
324 11 6
325 10 4
326 12 5
327 11 3
328 9 4
329 8 6
330 10 7
331 12 6
332 14 7
333 15 5
334 13 4
335 14 6
336 15 4
337 14 2
338 15 0
339 13 1
340 15 2
341 14 0
342 12 1
343 10 0
344 8 1
345 10 2
346 11 0
347 9 1
348 8 3
349 9 5
350 8 7
351 7 5
352 5 4
353 6 6
354 7 4
355 6 2
356 7 0
357 5 1
358 7 2
359 6 0
360 4 1
361 2 0
362 0 1
363 2 2
364 3 0
365 1 1
366 0 3
367 1 5
368 0 7
369 2 6
370 4 7
371 3 5
372 1 6
373 3 7
374 5 6
375 7 7
376 6 5
377 7 3
378 6 1
379 4 0
380 2 1
381 0 0
382 1 2
383 0 4
384 2 5
385 1 7
386 0 5
387 1 3
388 3 2
389 5 3
390 3 4
391 4 2
392 5 0
393 7 1
394 6 3
395 4 4
396 2 3
397 0 2
398 1 0
399 3 1
400 5 2
401 6 4
402 4 3
403 5 5
404 7 6
405 5 7
406 3 6
407 2 4
408 4 5
409 3 3
410 1 4
411 0 6
412 2 7
413 4 6
414 6 7
415 5 9
416 7 10
417 6 8
418 4 9
419 2 8
420 0 9
421 2 10
422 3 8
423 1 9
424 0 11
425 1 13
426 0 15
427 2 14
428 4 15
429 3 13
430 1 14
431 3 15
432 5 14
433 7 15
434 6 13
435 7 11
436 6 9
437 4 8
438 2 9
439 0 8
440 1 10
441 0 12
442 2 13
443 1 15
444 0 13
445 1 11
446 3 10
447 5 11
448 3 12
449 4 10
450 5 8
451 7 9
452 6 11
453 4 12
454 2 11
455 0 10
456 1 8
457 3 9
458 5 10
459 6 12
460 4 11
461 5 13
462 7 14
463 5 15
464 3 14
465 2 12
466 4 13
467 3 11
468 1 12
469 0 14
470 2 15
471 4 14
472 6 15
473 7 13
474 5 12
475 6 14
476 7 12
477 6 10
478 7 8
479 8 10
480 10 11
481 12 12
482 14 11
483 15 9
484 13 8
485 12 10
486 11 12
487 13 11
488 11 10
489 9 11
490 8 13
491 9 15
492 10 13
493 8 12
494 9 10
495 8 8
496 10 9
497 12 8
498 14 9
499 15 11
500 14 13
501 15 15
502 13 14
503 11 15
504 9 14
505 11 13
506 12 15
507 10 14
508 8 15
509 9 13
510 8 11
511 9 9
512 11 8
513 10 10
514 8 9
515 10 8
516 12 9
517 14 8
518 15 10
519 13 9
520 15 8
521 14 10
522 15 12
523 14 14
524 13 12
525 15 13
526 16 15
527 17 13
528 16 11
529 17 9
530 19 8
531 18 10
532 16 9
533 18 8
534 20 9
535 22 8
536 23 10
537 21 9
538 22 7
539 20 6
540 18 7
541 16 6
542 17 4
543 19 3
544 20 5
545 18 4
546 19 6
547 21 7
548 23 6
549 21 5
550 20 3
551 22 4
552 21 2
553 19 1
554 17 0
555 16 2
556 18 3
557 20 4
558 22 3
559 23 1
560 21 0
561 20 2
562 19 4
563 21 3
564 19 2
565 17 3
566 16 5
567 17 7
568 18 5
569 16 4
570 17 2
571 16 0
572 18 1
573 20 0
574 22 1
575 23 3
576 22 5
577 23 7
578 21 6
579 19 7
580 17 6
581 19 5
582 20 7
583 18 6
584 16 7
585 17 5
586 16 3
587 17 1
588 19 0
589 18 2
590 16 1
591 18 0
592 20 1
593 22 0
594 23 2
595 21 1
596 23 0
597 22 2
598 23 4
599 22 6
600 21 4
601 23 5
602 24 7
603 25 5
604 24 3
605 25 1
606 27 0
607 26 2
608 24 1
609 26 0
610 28 1
611 30 0
612 31 2
613 29 1
614 31 0
615 30 2
616 31 4
617 30 6
618 29 4
619 31 5
620 30 7
621 28 6
622 26 7
623 24 6
624 25 4
625 27 3
626 28 5
627 26 4
628 27 6
629 29 7
630 31 6
631 29 5
632 28 3
633 30 4
634 29 2
635 27 1
636 25 0
637 24 2
638 26 3
639 28 4
640 30 3
641 31 1
642 29 0
643 28 2
644 27 4
645 29 3
646 27 2
647 25 3
648 24 5
649 25 7
650 26 5
651 24 4
652 25 2
653 24 0
654 26 1
655 28 0
656 30 1
657 31 3
658 30 5
659 31 7
660 29 6
661 27 7
662 25 6
663 27 5
664 28 7
665 26 6
666 25 8
667 27 9
668 29 10
669 30 12
670 28 11
671 29 13
672 31 14
673 29 15
674 27 14
675 26 12
676 28 13
677 27 11
678 25 12
679 24 14
680 26 15
681 28 14
682 30 15
683 31 13
684 29 12
685 30 14
686 31 12
687 30 10
688 31 8
689 29 9
690 31 10
691 30 8
692 28 9
693 26 8
694 24 9
695 26 10
696 27 8
697 25 9
698 24 11
699 25 13
700 24 15
701 26 14
702 28 15
703 27 13
704 25 14
705 27 15
706 29 14
707 31 15
708 30 13
709 31 11
710 30 9
711 28 8
712 26 9
713 24 8
714 25 10
715 24 12
716 26 13
717 25 15
718 24 13
719 25 11
720 27 10
721 29 11
722 27 12
723 28 10
724 29 8
725 31 9
726 30 11
727 28 12
728 26 11
729 24 10
730 23 8
731 22 10
732 23 12
733 22 14
734 21 12
735 23 13
736 22 15
737 20 14
738 18 15
739 16 14
740 17 12
741 19 11
742 20 13
743 18 12
744 19 14
745 21 15
746 23 14
747 21 13
748 20 11
749 22 12
750 21 10
751 19 9
752 17 8
753 16 10
754 18 11
755 20 12
756 22 11
757 23 9
758 21 8
759 20 10
760 19 12
761 21 11
762 19 10
763 17 11
764 16 13
765 17 15
766 18 13
767 16 12
768 17 10
769 16 8
770 18 9
771 20 8
772 22 9
773 23 11
774 22 13
775 23 15
776 21 14
777 19 15
778 17 14
779 19 13
780 20 15
781 18 14
782 17 16
783 19 17
784 21 18
785 22 20
786 20 19
787 21 21
788 23 22
789 21 23
790 19 22
791 18 20
792 20 21
793 19 19
794 17 20
795 16 22
796 18 23
797 20 22
798 22 23
799 21 25
800 23 26
801 22 24
802 20 25
803 18 24
804 16 25
805 18 26
806 19 24
807 17 25
808 16 27
809 17 29
810 16 31
811 18 30
812 20 31
813 19 29
814 17 30
815 19 31
816 21 30
817 23 31
818 22 29
819 23 27
820 22 25
821 20 24
822 18 25
823 16 24
824 17 26
825 16 28
826 18 29
827 17 31
828 16 29
829 17 27
830 19 26
831 21 27
832 19 28
833 20 26
834 21 24
835 23 25
836 22 27
837 20 28
838 18 27
839 16 26
840 17 24
841 19 25
842 21 26
843 22 28
844 20 27
845 21 29
846 23 30
847 21 31
848 19 30
849 18 28
850 20 29
851 19 27
852 17 28
853 16 30
854 18 31
855 20 30
856 22 31
857 23 29
858 21 28
859 22 30
860 23 28
861 22 26
862 23 24
863 24 26
864 26 27
865 28 28
866 30 27
867 31 25
868 29 24
869 28 26
870 27 28
871 29 27
872 27 26
873 25 27
874 24 29
875 25 31
876 26 29
877 24 28
878 25 26
879 24 24
880 26 25
881 28 24
882 30 25
883 31 27
884 30 29
885 31 31
886 29 30
887 27 31
888 25 30
889 27 29
890 28 31
891 26 30
892 24 31
893 25 29
894 24 27
895 25 25
896 27 24
897 26 26
898 24 25
899 26 24
900 28 25
901 30 24
902 31 26
903 29 25
904 31 24
905 30 26
906 31 28
907 30 30
908 29 28
909 31 29
910 30 31
911 28 30
912 26 31
913 24 30
914 25 28
915 27 27
916 28 29
917 26 28
918 27 30
919 29 31
920 31 30
921 29 29
922 28 27
923 30 28
924 29 26
925 27 25
926 25 24
927 26 22
928 28 23
929 27 21
930 25 22
931 27 23
932 29 22
933 31 23
934 30 21
935 31 19
936 30 17
937 28 16
938 26 17
939 24 16
940 25 18
941 24 20
942 26 21
943 25 23
944 24 21
945 25 19
946 27 18
947 29 19
948 27 20
949 28 18
950 29 16
951 31 17
952 30 19
953 28 20
954 26 19
955 24 18
956 25 16
957 27 17
958 29 18
959 30 20
960 28 19
961 29 21
962 31 22
963 29 23
964 27 22
965 26 20
966 28 21
967 27 19
968 25 20
969 24 22
970 26 23
971 28 22
972 30 23
973 31 21
974 29 20
975 30 22
976 31 20
977 30 18
978 31 16
979 29 17
980 31 18
981 30 16
982 28 17
983 26 16
984 24 17
985 26 18
986 27 16
987 25 17
988 24 19
989 25 21
990 24 23
991 23 21
992 21 20
993 22 22
994 23 20
995 22 18
996 23 16
997 21 17
998 23 18
999 22 16
1000 20 17
1001 18 16
1002 16 17
1003 18 18
1004 19 16
1005 17 17
1006 16 19
1007 17 21
1008 16 23
1009 18 22
1010 20 23
1011 19 21
1012 17 22
1013 19 23
1014 21 22
1015 23 23
1016 22 21
1017 23 19
1018 22 17
1019 20 16
1020 18 17
1021 16 16
1022 17 18
1023 16 20
1024 18 21
